[Running] node "c:\Users\XonS\Desktop\lotto.js"
[ 5, 20, 7, 41, 58, 18 ]
[ 43, 45, 33, 49, 67, 7 ]
[ 61, 38, 43, 16, 17, 4 ]-
[ 34, 40, 2, 43, 5, 11 ]
[ 58, 9, 69, 11, 17, 24 ]
[ 25, 16, 6, 20, 27, 17 ]
[ 7, 67, 29, 69, 17, 24 ]-
[ 20, 52, 54, 42, 9, 19 ]
[ 40, 47, 62, 27, 12, 16 ]
[ 57, 31, 16, 38, 55, 14 ]
[ [ 4, 34, 12, 31, 17 ],
  [ 36, 23, 42, 45, 33 ],
  [ 38, 57, 22, 55, 50 ],
  [ 38, 44, 11, 40, 6 ],
  [ 39, 57, 42, 53, 31 ],
  [ 41, 68, 40, 45, 44 ],
  [ 29, 28, 13, 63, 32 ],
  [ 16, 38, 49, 36, 5 ],
  [ 60, 10, 66, 56, 33 ],
  [ 46, 11, 69, 7, 49 ] ]

[Done] exited with code=0 in 0.245 seconds

[Running] node "c:\Users\XonS\Desktop\lotto.js"
[ 14, 18, 31, 41, 16, 13 ]
[ 19, 1, 47, 55, 34, 20 ]
[ 33, 43, 69, 55, 39, 21 ]
[ 40, 59, 3, 34, 66, 6 ]
[ 29, 39, 50, 24, 12, 13 ]
[ 60, 59, 13, 56, 40, 23 ]
[ 41, 23, 2, 21, 13, 14 ]
[ 43, 31, 6, 36, 33, 6 ]
[ 66, 68, 18, 58, 65, 21 ]
[ 30, 31, 63, 55, 37, 22 ]
[ [ 16, 21, 63, 65, 3 ],
  [ 69, 30, 25, 3, 24 ],
  [ 48, 55, 31, 37, 25 ],
  [ 1, 32, 32, 63, 12 ],
  [ 43, 4, 27, 56, 11 ],
  [ 32, 5, 35, 11, 1 ],
  [ 55, 18, 62, 28, 11 ],
  [ 52, 57, 48, 54, 10 ],
  [ 23, 55, 11, 3, 52 ],
  [ 28, 22, 9, 67, 48 ] ]

[Done] exited with code=0 in 0.227 seconds

[Running] node "c:\Users\XonS\Desktop\lotto.js"
[ 49, 31, 55, 47, 67, 15 ]
[ 47, 61, 70, 5, 2, 11 ]
[ 37, 17, 43, 10, 44, 5 ]
[ 61, 4, 50, 7, 20, 12 ]
[ 63, 23, 27, 65, 61, 11 ]
[ 24, 1, 32, 68, 37, 23 ]
[ 58, 11, 35, 63, 28, 25 ]
[ 22, 8, 46, 54, 55, 22 ]
[ 29, 22, 12, 2, 16, 17 ]
[ 19, 14, 68, 31, 5, 4 ]
[ [ 51, 9, 21, 28, 14 ],
  [ 31, 39, 69, 12, 6 ],
  [ 33, 12, 62, 48, 8 ],
  [ 26, 4, 35, 52, 40 ],
  [ 70, 67, 2, 5, 9 ],
  [ 2, 54, 26, 52, 33 ],
  [ 69, 64, 19, 7, 36 ],
  [ 28, 50, 51, 68, 4 ],
  [ 14, 13, 6, 48, 2 ],
  [ 17, 29, 20, 36, 17 ] ]

[Done] exited with code=0 in 0.661 seconds
----
[Running] node "c:\Users\XonS\Desktop\lotto.js"
[ 65, 35, 40, 57, 56, 22 ]
[ 15, 4, 2, 45, 23, 16 ]
[ 20, 52, 8, 63, 34, 10 ]
[ 68, 32, 34, 35, 60, 2 ]
[ 55, 60, 45, 18, 66, 19 ]
[ 17, 65, 36, 12, 48, 24 ]
[ 48, 7, 17, 60, 61, 8 ]
[ 51, 17, 18, 44, 19, 5 ]
[ 49, 29, 40, 56, 3, 3 ]
[ 9, 39, 65, 38, 10, 9 ]
[ [ 19, 40, 3, 24, 65 ],
  [ 1, 64, 28, 65, 69 ],
  [ 47, 56, 37, 49, 56 ],
  [ 65, 35, 59, 33, 63 ],
  [ 18, 64, 7, 61, 65 ],
  [ 10, 1, 48, 52, 43 ],
  [ 10, 23, 64, 52, 27 ],
  [ 38, 39, 18, 33, 18 ],
  [ 11, 28, 43, 9, 35 ],
  [ 50, 44, 47, 9, 37 ] ]

[Done] exited with code=0 in 0.22 seconds

[Running] node "c:\Users\XonS\Desktop\lotto.js"
[ 42, 16, 68, 20, 24, 6 ]
[ 4, 62, 31, 34, 67, 17 ]
[ 39, 14, 10, 40, 61, 9 ]
[ 49, 32, 39, 24, 58, 2 ]
[ 55, 67, 43, 10, 25, 14 ]
[ 37, 2, 38, 69, 31, 13 ]
[ 48, 24, 26, 46, 2, 25 ]
[ 52, 14, 20, 4, 58, 8 ]
[ 62, 48, 39, 25, 9, 18 ]
[ 8, 50, 6, 15, 14, 11 ]
[ [ 13, 66, 42, 46, 13 ],
  [ 6, 14, 5, 2, 20 ],
  [ 50, 33, 11, 47, 7 ],
  [ 30, 18, 8, 58, 33 ],
  [ 5, 46, 70, 1, 62 ],
  [ 22, 62, 23, 25, 34 ],
  [ 9, 8, 45, 46, 27 ],
  [ 19, 15, 14, 29, 60 ],
  [ 37, 11, 3, 36, 36 ],
  [ 20, 4, 42, 54, 61 ] ]

[Done] exited with code=0 in 0.197 seconds

[Running] node "c:\Users\XonS\Desktop\lotto.js"
[ 62, 28, 67, 34, 3, 24 ]
[ 15, 36, 37, 19, 21, 15 ]
[ 64, 43, 65, 22, 23, 12 ]
[ 38, 34, 11, 1, 44, 21 ]
[ 29, 55, 54, 58, 20, 17 ]
[ 52, 35, 49, 22, 31, 11 ]
[ 36, 7, 50, 64, 56, 13 ]
[ 23, 42, 32, 1, 47, 25 ]
[ 1, 5, 38, 29, 45, 7 ]
[ 17, 65, 26, 44, 50, 5 ]
[ [ 47, 4, 55, 31, 56 ],
  [ 20, 38, 52, 65, 11 ],
  [ 43, 33, 30, 29, 8 ],
  [ 43, 59, 47, 51, 4 ],
  [ 15, 30, 50, 39, 36 ],
  [ 33, 23, 35, 59, 26 ],
  [ 27, 52, 14, 12, 46 ],
  [ 65, 45, 19, 44, 21 ],
  [ 45, 37, 26, 17, 49 ],
  [ 20, 13, 28, 42, 69 ] ]

[Done] exited with code=0 in 0.172 seconds

[Running] node "c:\Users\XonS\Desktop\lotto.js"
[ 66, 50, 54, 39, 10, 15 ]
[ 13, 68, 56, 28, 20, 18 ]
[ 30, 47, 46, 53, 24, 12 ]
[ 39, 13, 50, 25, 51, 23 ]
[ 35, 7, 56, 4, 6, 14 ]
[ 70, 66, 1, 13, 4, 14 ]
[ 67, 40, 4, 36, 50, 10 ]
[ 39, 68, 66, 2, 12, 17 ]
[ 21, 59, 16, 36, 32, 2 ]
[ 64, 19, 57, 70, 6, 4 ]
[ [ 13, 4, 57, 6, 44 ],
  [ 19, 15, 23, 70, 57 ],
  [ 38, 43, 32, 30, 23 ],
  [ 3, 54, 64, 64, 12 ],
  [ 63, 61, 11, 54, 53 ],
  [ 62, 29, 2, 64, 8 ],
  [ 35, 14, 56, 45, 66 ],
  [ 6, 32, 62, 38, 10 ],
  [ 59, 39, 68, 35, 5 ],
  [ 28, 2, 10, 1, 60 ] ]

[Done] exited with code=0 in 0.186 seconds

[Running] node "c:\Users\XonS\Desktop\lotto.js"
[ 51, 30, 24, 11, 34, 15 ]
[ 42, 68, 40, 31, 49, 13 ]
[ 70, 15, 40, 46, 12, 1 ]
[ 3, 33, 39, 20, 30, 4 ]
[ 10, 53, 43, 16, 23, 20 ]
[ 16, 26, 37, 50, 61, 6 ]
[ 59, 5, 47, 19, 52, 1 ]
[ 58, 33, 60, 12, 50, 11 ]
[ 20, 28, 30, 45, 61, 2 ]
[ 5, 10, 65, 62, 28, 16 ]
[ [ 12, 3, 32, 23, 63 ],
  [ 62, 65, 41, 44, 42 ],
  [ 4, 10, 62, 37, 40 ],
  [ 37, 64, 38, 39, 32 ],
  [ 27, 65, 58, 55, 38 ],
  [ 28, 55, 5, 59, 43 ],
  [ 48, 34, 25, 46, 31 ],
  [ 25, 42, 29, 48, 13 ],
  [ 65, 70, 9, 5, 20 ],
  [ 29, 27, 10, 28, 48 ] ]

[Done] exited with code=0 in 0.188 seconds

9, 61, 17, 31, 59, 4 ]
[ 21, 35, 54, 37, 17, 24 ]
[ 23, 17, 42, 54, 9, 19 ]
[ 27, 40, 17, 60, 26, 22 ]
[ 47, 17, 67, 63, 23, 16 ]

[Running] node "c:\Users\XonS\Desktop\lotto.js"
[ 45, 24, 55, 61, 54, 18 ]
[ 67, 6, 27, 66, 61, 12 ]
[ 55, 24, 9, 44, 26, 21 ]
[ 55, 26, 47, 10, 62, 25 ]
[ 30, 23, 56, 36, 46, 13 ]
[ 56, 65, 8, 44, 48, 10 ]
[ 67, 9, 17, 20, 61, 11 ]
[ 21, 54, 6, 62, 57, 4 ]
[ 16, 1, 23, 4, 22, 13 ]
[ 46, 58, 47, 23, 30, 19 ]
[ [ 4, 30, 30, 56, 43 ],
  [ 23, 6, 31, 48, 14 ],
  [ 26, 57, 19, 1, 66 ],
  [ 46, 67, 37, 51, 46 ],
  [ 23, 34, 29, 58, 62 ],
  [ 65, 31, 12, 36, 47 ],
  [ 43, 9, 51, 45, 56 ],
  [ 24, 35, 6, 52, 10 ],
  [ 13, 47, 34, 4, 22 ],
  [ 45, 25, 30, 32, 54 ] ]

[Done] exited with code=0 in 0.167 seconds

[Running] node "c:\Users\XonS\Desktop\lotto.js"
[ 60, 20, 35, 26, 19, 15 ]
[ 14, 47, 53, 45, 51, 21 ]
[ 51, 55, 61, 63, 6, 17 ]
[ 43, 9, 37, 7, 15, 14 ]
[ 37, 51, 22, 52, 44, 12 ]
[ 16, 27, 46, 19, 10, 18 ]
[ 34, 28, 13, 58, 2, 25 ]
[ 64, 16, 58, 12, 36, 1 ]
[ 18, 31, 9, 24, 7, 6 ]
[ 58, 21, 1, 69, 52, 6 ]
[ [ 20, 67, 61, 65, 29 ],
  [ 53, 8, 53, 53, 55 ],
  [ 50, 31, 63, 7, 3 ],
  [ 31, 34, 21, 60, 56 ],
  [ 69, 21, 12, 9, 35 ],
  [ 22, 58, 59, 52, 39 ],
  [ 13, 52, 1, 58, 20 ],
  [ 17, 17, 41, 27, 16 ],
  [ 25, 3, 41, 1, 47 ],
  [ 50, 52, 52, 59, 20 ] ]

[Done] exited with code=0 in 0.184 seconds

sunday

[Running] node "c:\Users\XonS\Desktop\lotto.js"
[ 15, 6, 31, 47, 55, 12 ] x
[ 6, 37, 4, 33, 45, 15 ]x
[ 14, 36, 63, 41, 7, 19 ]-
[ 11, 25, 3, 62, 23, 6 ]-
[ 1, 19, 54, 57, 68, 22 ]x
[ 12, 58, 49, 66, 61, 15 ]-x
[ 35, 8, 12, 43, 51, 16 ]-
[ 26, 17, 7, 33, 66, 16 ]-
[ 4, 58, 43, 2, 69, 4 ]-
[ 31, 61, 34, 66, 60, 20 ]x


[Done] exited with code=0 in 0.185 seconds

[Running] node "c:\Users\XonS\Desktop\lotto.js"
[ 44, 15, 39, 68, 66, 5 ]-
[ 28, 46, 29, 4, 64, 15 ]-
[ 67, 15, 64, 60, 16, 18 ]x
[ 24, 35, 32, 39, 47, 23 ]x
[ 11, 1, 30, 23, 2, 10 ]-
[ 36, 53, 4, 23, 63, 24 ]x
[ 49, 54, 66, 65, 60, 6 ]x
[ 51, 64, 33, 63, 60, 14 ]x
[ 39, 41, 37, 52, 20, 8 ]x
[ 47, 28, 45, 24, 30, 7 ]----


[Done] exited with code=0 in 0.206 seconds

[Running] node "c:\Users\XonS\Desktop\lotto.js"
[ 34, 66, 49, 64, 43, 25 ]
[ 21, 4, 20, 11, 16, 22 ]
[ 28, 38, 39, 41, 64, 4 ]
[ 49, 40, 31, 69, 9, 5 ]
[ 59, 22, 44, 68, 65, 20 ]
[ 3, 66, 47, 22, 14, 16 ]
[ 12, 21, 4, 46, 34, 11 ]
[ 23, 52, 61, 50, 19, 10 ]
[ 47, 32, 8, 29, 67, 1 ]
[ 37, 7, 14, 3, 48, 17 ]-


[Done] exited with code=0 in 0.209 seconds

tuesday
[Running] node "c:\Users\XonS\Desktop\lotto.js"
[ 35, 68, 21, 45, 61, 1 ]
[ 31, 22, 64, 27, 15, 6 ]
[ 35, 47, 46, 39, 57, 23 ]
[ 15, 10, 55, 56, 60, 25 ]
[ 32, 50, 31, 67, 19, 22 ]
[ 12, 27, 30, 68, 24, 15 ]
[ 8, 6, 55, 40, 38, 20 ]
[ 14, 65, 49, 51, 13, 14 ]
[ 56, 42, 33, 7, 4, 1 ]
[ 1, 38, 49, 45, 53, 18 ]


[Done] exited with code=0 in 0.191 seconds

[Running] node "c:\Users\XonS\Desktop\lotto.js"
[ 8, 16, 38, 18, 5, 25 ]
[ 1, 52, 14, 23, 6, 5 ]-
[ 22, 33, 70, 53, 50, 21 ]
[ 48, 57, 62, 67, 55, 22 ]
[ 29, 46, 44, 14, 9, 21 ]
[ 34, 57, 12, 27, 68, 21 ]
[ 50, 6, 57, 64, 5, 22 ]
[ 2, 45, 63, 44, 20, 11 ]
[ 5, 33, 46, 10, 18, 21 ]
[ 70, 30, 18, 15, 59, 1 ]


[Done] exited with code=0 in 0.185 seconds

[Running] node "c:\Users\XonS\Desktop\lotto.js"
[ 53, 1, 40, 38, 45, 5 ]
[ 32, 39, 29, 54, 70, 4 ]
[ 25, 1, 61, 17, 59, 24 ]-
[ 12, 50, 23, 58, 42, 12 ]
[ 30, 23, 43, 9, 54, 24 ]
[ 55, 22, 65, 50, 57, 25 ]
[ 46, 33, 30, 5, 45, 2 ]
[ 43, 50, 32, 59, 60, 10 ]
[ 29, 68, 36, 53, 7, 17 ]
[ 58, 69, 34, 63, 33, 16 ]


[Done] exited with code=0 in 0.183 seconds

[Running] node "c:\Users\XonS\Desktop\lot\lotto.js"
[ 59, 21, 66, 69, 20, 3 ]
[ 3, 23, 59, 69, 61, 15 ]
[ 3, 59, 65, 31, 53, 14 ]
[ 31, 26, 32, 2, 16, 19 ]
[ 27, 57, 58, 55, 48, 15 ]
[ 64, 43, 23, 51, 6, 5 ]
[ 10, 62, 38, 50, 69, 1 ]
[ 7, 19, 56, 9, 29, 3 ]
[ 44, 49, 51, 67, 50, 25 ]
[ 27, 13, 55, 23, 18, 10 ]

[Done] exited with code=0 in 0.181 seconds

[Running] node "c:\Users\XonS\Desktop\lot\lotto.js"
[ 62, 29, 31, 41, 20, 19 ]
[ 30, 16, 40, 12, 38, 25 ]
[ 42, 29, 13, 3, 60, 3 ]
[ 33, 64, 14, 26, 66, 24 ]
[ 47, 15, 56, 40, 4, 21 ]
[ 53, 16, 30, 49, 65, 3 ]
[ 61, 29, 17, 67, 59, 16 ]
[ 57, 41, 51, 32, 11, 2 ]
[ 17, 30, 36, 13, 59, 15 ]
[ 14, 44, 38, 42, 28, 14 ]

[Done] exited with code=0 in 0.18 seconds

[Running] node "c:\Users\XonS\Desktop\lot\lotto.js"
[ 11, 67, 64, 52, 23, 23 ]
[ 60, 47, 44, 4, 69, 16 ]
[ 29, 19, 26, 32, 28, 18 ]
[ 3, 40, 36, 38, 59, 21 ]
[ 60, 21, 13, 35, 55, 7 ]
[ 40, 31, 45, 11, 30, 20 ]
[ 60, 12, 2, 30, 66, 25 ]
[ 60, 52, 38, 4, 20, 6 ]
[ 68, 46, 47, 64, 62, 16 ]
[ 31, 39, 42, 24, 8, 23 ]

[Done] exited with code=0 in 0.173 seconds
heh





