[Running] node "c:\Users\XonS\Desktop\lotto.js"
[ 56, 20, 67, 7, 23, 25 ]
[ 48, 37, 13, 21, 9, 7 ]
[ 51, 64, 48, 31, 4, 15 ]
[ 2, 39, 65, 50, 8, 2 ]
[ 41, 46, 52, 12, 37, 7 ]
[ 67, 10, 26, 61, 65, 17 ]
[ 23, 1, 66, 54, 25, 3 ]
[ 21, 39, 43, 54, 29, 15 ]
[ 10, 37, 13, 61, 51, 17 ]
[ 23, 31, 44, 7, 52, 20 ]
[ [ 7, 68, 50, 33, 62 ],
  [ 30, 28, 36, 52, 7 ],
  [ 52, 23, 36, 59, 19 ],
  [ 35, 52, 7, 41, 23 ],
  [ 68, 31, 61, 19, 25 ],
  [ 61, 52, 35, 7, 53 ],
  [ 38, 66, 49, 44, 57 ],
  [ 28, 67, 2, 16, 59 ],
  [ 39, 24, 63, 3, 36 ],
  [ 54, 42, 19, 29, 60 ] ]

[Done] exited with code=0 in 0.19 seconds

[Running] node "c:\Users\XonS\Desktop\lotto.js"
[ 2, 13, 25, 59, 36, 17 ]
[ 55, 62, 38, 57, 47, 22 ]
[ 51, 14, 33, 36, 40, 25 ]
[ 16, 55, 37, 47, 45, 5 ]
[ 27, 31, 22, 37, 32, 23 ]
[ 45, 59, 56, 17, 7, 22 ]
[ 56, 45, 15, 2, 64, 5 ]
[ 57, 22, 2, 63, 13, 6 ]
[ 52, 30, 7, 26, 38, 22 ]
[ 27, 8, 32, 59, 69, 1 ]
[ [ 42, 15, 69, 12, 23 ],
  [ 4, 33, 30, 30, 13 ],
  [ 52, 46, 45, 57, 30 ],
  [ 59, 64, 45, 59, 37 ],
  [ 13, 20, 6, 5, 10 ],
  [ 8, 2, 32, 29, 12 ],
  [ 58, 45, 38, 44, 45 ],
  [ 46, 37, 18, 27, 40 ],
  [ 28, 8, 54, 19, 39 ],
  [ 59, 62, 68, 24, 31 ] ]

[Done] exited with code=0 in 0.192 seconds

[Running] node "c:\Users\XonS\Desktop\lotto.js"
[ 28, 41, 69, 63, 56, 14 ]
[ 33, 53, 62, 46, 63, 1 ]
[ 5, 4, 24, 40, 11, 20 ]
[ 20, 21, 54, 43, 3, 9 ]
[ 9, 27, 18, 43, 62, 8 ]
[ 12, 1, 19, 25, 31, 1 ]
[ 69, 23, 10, 41, 59, 26 ]
[ 34, 45, 36, 25, 12, 2 ]
[ 33, 32, 19, 6, 48, 15 ]
[ 22, 24, 28, 63, 29, 21 ]
[ [ 40, 24, 17, 52, 48 ],
  [ 63, 30, 32, 25, 54 ],
  [ 51, 18, 63, 38, 62 ],
  [ 8, 46, 5, 47, 12 ],
  [ 30, 28, 30, 4, 40 ],
  [ 45, 9, 29, 10, 42 ],
  [ 42, 48, 22, 23, 37 ],
  [ 27, 19, 64, 61, 20 ],
  [ 14, 20, 39, 31, 33 ],
  [ 12, 69, 15, 11, 32 ] ]

[Done] exited with code=0 in 0.195 seconds


[Running] node "c:\Users\XonS\Desktop\lotto.js"
[ 64, 30, 46, 4, 39, 1 ]
[ 26, 67, 40, 52, 9, 14 ]
[ 55, 15, 41, 31, 47, 14 ]
[ 31, 30, 22, 28, 11, 25 ]
[ 9, 4, 32, 68, 17, 25 ]
[ 46, 27, 43, 61, 29, 16 ]
[ 32, 22, 65, 34, 53, 15 ]
[ 50, 10, 20, 54, 14, 18 ]
[ 28, 38, 25, 3, 6, 23 ]
[ 2, 64, 69, 61, 56, 25 ]
[ [ 13, 42, 15, 45, 39 ],
  [ 2, 11, 50, 65, 19 ],
  [ 23, 64, 58, 40, 56 ],
  [ 56, 33, 69, 6, 14 ],
  [ 34, 14, 38, 55, 23 ],
  [ 32, 57, 25, 38, 57 ],
  [ 5, 61, 45, 61, 64 ],
  [ 7, 35, 3, 51, 26 ],
  [ 13, 5, 23, 48, 59 ],
  [ 45, 5, 42, 13, 68 ] ]

[Done] exited with code=0 in 0.188 seconds

[Running] node "c:\Users\XonS\Desktop\lotto.js"
[ 39, 51, 24, 26, 58, 11 ]
[ 21, 54, 8, 26, 23, 3 ]
[ 22, 44, 40, 17, 50, 26 ]
[ 15, 63, 33, 65, 52, 15 ]
[ 24, 33, 43, 14, 49, 16 ]
[ 24, 22, 26, 37, 58, 26 ]
[ 14, 63, 69, 55, 31, 25 ]
[ 16, 17, 57, 39, 18, 13 ]
[ 10, 37, 36, 16, 31, 22 ]
[ 38, 56, 53, 18, 40, 9 ]
[ [ 43, 49, 68, 47, 20 ],
  [ 13, 34, 34, 39, 18 ],
  [ 45, 35, 11, 69, 48 ],
  [ 56, 40, 23, 6, 21 ],
  [ 63, 48, 11, 30, 31 ],
  [ 40, 61, 18, 36, 41 ],
  [ 58, 56, 37, 53, 52 ],
  [ 28, 54, 4, 57, 33 ],
  [ 38, 36, 49, 11, 40 ],
  [ 6, 18, 26, 42, 19 ] ]

[Done] exited with code=0 in 0.19 seconds

[Running] node "c:\Users\XonS\Desktop\lotto.js"
[ 15, 1, 18, 24, 56, 26 ]
[ 46, 27, 1, 62, 35, 18 ]
[ 53, 69, 26, 9, 49, 1 ]
[ 37, 62, 18, 54, 38, 23 ]
[ 50, 16, 37, 31, 1, 20 ]
[ 32, 49, 7, 6, 60, 20 ]
[ 25, 49, 41, 60, 10, 5 ]
[ 28, 18, 56, 2, 7, 15 ]
[ 36, 34, 69, 56, 58, 18 ]
[ 45, 26, 11, 25, 43, 26 ]
[ [ 54, 25, 25, 1, 53 ],
  [ 16, 11, 4, 63, 68 ],
  [ 65, 30, 43, 34, 30 ],
  [ 24, 45, 17, 3, 39 ],
  [ 7, 38, 20, 65, 4 ],
  [ 61, 26, 11, 40, 22 ],
  [ 49, 68, 45, 53, 5 ],
  [ 6, 17, 4, 58, 38 ],
  [ 26, 15, 6, 15, 8 ],
  [ 48, 30, 50, 55, 30 ] ]

[Done] exited with code=0 in 0.182 seconds
[Running] node "c:\Users\XonS\Desktop\lotto.js"
[ 54, 22, 62, 64, 48, 11 
[ 35, 57, 38, 61, 14, 7 ]-
[ 23, 14, 38, 37, 16, 1 
[ 59, 14, 57, 61, 11, 25 ]-
[ 55, 33, 29, 22, 37, 14 ]
[ 13, 27, 6, 62, 58, 19 ]-
[ 39, 12, 8, 7, 33, 18 ]
[ 15, 17, 52, 20, 1, 22 ]-
[ 69, 57, 29, 2, 68, 15 ]-
[ 42, 65, 5, 19, 45, 6 ]

[Running] node "c:\Users\XonS\Desktop\lotto.js"
[ 42, 62, 3, 65, 39, 19 ]
[ 43, 39, 6, 60, 65, 4 ]
[ 67, 13, 28, 59, 40, 11 ]
[ 44, 21, 63, 20, 28, 20 ]
[ 37, 64, 8, 44, 39, 9 ]
[ 13, 28, 2, 19, 59, 9 ]
[ 11, 23, 21, 38, 17, 6 ]
[ 63, 22, 44, 64, 34, 9 ]
[ 36, 55, 42, 10, 3, 14 ]
[ 36, 26, 46, 25, 48, 15 ]
[ [ 21, 35, 10, 50, 27 ],
  [ 13, 14, 23, 64, 59 ],
  [ 55, 56, 55, 35, 63 ],
  [ 44, 44, 2, 46, 31 ],
  [ 17, 8, 47, 19, 51 ],
  [ 18, 26, 36, 28, 26 ],
  [ 9, 29, 43, 25, 51 ],
  [ 3, 23, 60, 2, 15 ],
  [ 39, 48, 22, 46, 34 ],
  [ 7, 8, 44, 62, 19 ] ]

[Done] exited with code=0 in 0.303 seconds

[Running] node "c:\Users\XonS\Desktop\lotto.js"
[ 47, 32, 67, 69, 7, 13 ]
[ 15, 1, 48, 42, 52, 13 ]
[ 27, 11, 56, 55, 47, 5 ]
[ 13, 41, 47, 59, 40, 25 ]
[ 56, 41, 50, 66, 17, 17 ]
[ 28, 17, 19, 44, 20, 18 ]
[ 33, 14, 52, 10, 36, 17 ]
[ 39, 57, 54, 12, 6, 4 ]
[ 38, 3, 1, 30, 15, 7 ]
[ 25, 4, 31, 58, 30, 16 ]
[ [ 25, 38, 48, 8, 20 ],
  [ 9, 6, 31, 28, 35 ],
  [ 57, 11, 4, 9, 22 ],
  [ 45, 45, 46, 10, 47 ],
  [ 6, 27, 50, 58, 24 ],
  [ 58, 8, 61, 29, 6 ],
  [ 17, 58, 26, 28, 69 ],
  [ 40, 46, 8, 30, 38 ],
  [ 68, 40, 2, 1, 21 ],
  [ 34, 21, 68, 65, 2 ] ]

[Done] exited with code=0 in 0.207 seconds

[Running] node "c:\Users\XonS\Desktop\lotto.js"
[ 64, 45, 1, 30, 25, 17 ]
[ 64, 29, 7, 22, 27, 6 ]
[ 41, 25, 24, 19, 8, 7 ]
[ 58, 57, 36, 14, 12, 21 ]
[ 41, 48, 20, 64, 53, 2 ]
[ 15, 14, 22, 41, 42, 15 ]
[ 4, 61, 24, 46, 38, 13 ]
[ 9, 62, 4, 23, 46, 26 ]
[ 44, 39, 34, 11, 46, 7 ]
[ 45, 32, 68, 51, 7, 3 ]
[ [ 33, 64, 38, 19, 50 ],
  [ 4, 57, 61, 55, 7 ],
  [ 1, 32, 51, 34, 52 ],
  [ 32, 17, 5, 45, 3 ],
  [ 38, 1, 35, 11, 10 ],
  [ 7, 7, 29, 46, 14 ],
  [ 58, 61, 16, 25, 23 ],
  [ 39, 9, 33, 15, 24 ],
  [ 58, 68, 49, 5, 5 ],
  [ 22, 19, 4, 15, 17 ] ]

[Done] exited with code=0 in 0.262 seconds

[Done] exited with code=0 in 0.199 seconds

[Running] node "c:\Users\XonS\Desktop\lotto.js"
[ 64, 5, 35, 69, 48, 12 ]
[ 9, 38, 22, 16, 58, 9 ]
[ 8, 50, 21, 11, 68, 11 ]
[ 11, 35, 69, 16, 46, 23 ]
[ 38, 46, 6, 18, 61, 3 ]
[ 62, 28, 56, 55, 30, 15 ]
[ 60, 57, 26, 17, 29, 4 ]
[ 6, 31, 40, 68, 62, 14 ]
[ 9, 29, 53, 13, 15, 16 ]
[ 67, 21, 39, 35, 46, 3 ]

[Done] exited with code=0 in 0.181 seconds

[Running] node "c:\Users\XonS\Desktop\lotto.js"
[ 63, 16, 9, 7, 28, 16 ]
[ 52, 65, 13, 39, 47, 9 ]
[ 59, 17, 34, 67, 4, 3 ]
[ 65, 8, 62, 60, 69, 15 ]
[ 14, 58, 26, 53, 33, 4 ]
[ 62, 50, 20, 44, 60, 10 ]
[ 29, 61, 28, 42, 50, 6 ]
[ 19, 17, 69, 36, 37, 22 ]
[ 24, 38, 28, 39, 36, 17 ]
[ 49, 60, 21, 6, 51, 20 ]

[Done] exited with code=0 in 0.194 seconds

[Running] node "c:\Users\XonS\Desktop\lotto.js"
[ 11, 14, 29, 1, 25, 10 ]
[ 65, 15, 6, 57, 26, 10 ]
[ 52, 64, 5, 8, 19, 5 ]
[ 47, 21, 48, 25, 7, 25 ]
[ 12, 52, 47, 7, 20, 7 ]
[ 18, 4, 5, 13, 25, 18 ]
[ 19, 40, 3, 42, 18, 16 ]
[ 44, 53, 5, 22, 68, 24 ]
[ 34, 39, 58, 57, 62, 5 ]
[ 44, 17, 28, 10, 48, 25 ]

[ 62, 47, 20, 14, 3, 22 ]
[ 14, 66, 64, 9, 8, 14 ]
[ 66, 40, 18, 64, 19, 3 ]
[ 7, 64, 44, 24, 19, 18 ]
[ 3, 17, 36, 56, 35, 8 ]
[ 13, 59, 66, 68, 2, 9 ]
[ 26, 67, 65, 58, 40, 3 ]
[ 16, 37, 31, 34, 19, 2 ]
[ 2, 65, 21, 23, 49, 1 ]
[ 6, 49, 34, 20, 63, 14 ]
[ [ 44, 46, 44, 68, 11 ],
  [ 6, 35, 19, 9, 58 ],
  [ 17, 26, 7, 63, 59 ],
  [ 27, 35, 10, 43, 3 ],
  [ 3, 10, 42, 34, 1 ],
  [ 57, 54, 11, 2, 34 ],
  [ 42, 30, 2, 37, 62 ],
  [ 51, 41, 30, 20, 25 ],
  [ 25, 49, 63, 25, 60 ],
  [ 19, 1, 66, 68, 50 ] ]

[ 50, 49, 31, 59, 20, 7 ]
[ 27, 42, 11, 3, 29, 7 ]
[ 62, 55, 9, 50, 2, 7 ]
[ 37, 53, 7, 67, 22, 13 ]
[ 8, 16, 1, 13, 51, 21 ]
[ 31, 14, 55, 45, 20, 8 ]
[ 42, 47, 41, 3, 16, 1 ]
[ 32, 61, 10, 13, 28, 5 ]
[ 31, 7, 49, 44, 15, 13 ]
[ 4, 48, 19, 8, 32, 22 ]
[ [ 33, 8, 34, 55, 66 ],
  [ 66, 8, 8, 19, 59 ],
  [ 54, 68, 14, 66, 6 ],
  [ 60, 1, 3, 12, 24 ],
  [ 15, 50, 61, 31, 18 ],
  [ 67, 17, 56, 48, 1 ],
  [ 20, 23, 36, 32, 17 ],
  [ 4, 65, 21, 46, 56 ],
  [ 11, 69, 48, 32, 51 ],
  [ 51, 20, 8, 24, 10 ] ]

[ 50, 49, 31, 59, 20, 7 ]
[ 27, 42, 11, 3, 29, 7 ]
[ 62, 55, 9, 50, 2, 7 ]
[ 37, 53, 7, 67, 22, 13 ]
[ 8, 16, 1, 13, 51, 21 ]
[ 31, 14, 55, 45, 20, 8 ]
[ 42, 47, 41, 3, 16, 1 ]
[ 32, 61, 10, 13, 28, 5 ]
[ 31, 7, 49, 44, 15, 13 ]
[ 4, 48, 19, 8, 32, 22 ]
[ [ 33, 8, 34, 55, 66 ],
  [ 66, 8, 8, 19, 59 ],
  [ 54, 68, 14, 66, 6 ],
  [ 60, 1, 3, 12, 24 ],
  [ 15, 50, 61, 31, 18 ],
  [ 67, 17, 56, 48, 1 ],
  [ 20, 23, 36, 32, 17 ],
  [ 4, 65, 21, 46, 56 ],
  [ 11, 69, 48, 32, 51 ],
  [ 51, 20, 8, 24, 10 ] ]

  [ 67, 17, 56, 48, 1 ], 7
[ 44, 17, 28, 10, 48, 25 ]
[ 65, 1, 39, 52, 48, 17 ]
[ 11, 60, 10, 17, 3, 8 ]
[ 11, 23, 21, 38, 17, 6 ]
[ 11, 23, 21, 38, 17, 6 ] 
 monday
[Running] node "c:\Users\XonS\Desktop\lotto.js"
[ 41, 67, 26, 52, 45, 22 ]
[ 62, 21, 53, 13, 34, 22 ]
[ 17, 50, 41, 49, 9, 11 ]
[ 17, 37, 5, 19, 11, 13 ]
[ 55, 16, 4, 6, 69, 13 ]
[ 51, 21, 61, 14, 26, 17 ]
[ 20, 9, 5, 34, 17, 1 ]
[ 17, 50, 13, 42, 62, 3 ]
[ 25, 20, 64, 50, 2, 9 ]
[ 45, 47, 49, 26, 9, 25 ]
[ [ 45, 58, 7, 62, 29 ],
  [ 5, 9, 30, 63, 43 ],
  [ 17, 42, 56, 63, 32 ],
  [ 25, 33, 6, 58, 31 ],
  [ 49, 44, 20, 27, 15 ],
  [ 51, 26, 3, 50, 4 ],
  [ 44, 45, 36, 51, 52 ],
  [ 47, 26, 68, 68, 42 ],
  [ 32, 58, 58, 63, 52 ],
  [ 20, 4, 53, 1, 53 ] ]

[Done] exited with code=0 in 0.172 seconds

[Running] node "c:\Users\XonS\Desktop\lotto.js"
[ 30, 40, 50, 22, 18, 3 ]
[ 35, 6, 22, 11, 7, 7 ]
[ 19, 59, 16, 32, 60, 15 ]
[ 62, 15, 46, 21, 47, 22 ]
[ 5, 15, 2, 58, 25, 11 ]
[ 64, 11, 37, 69, 66, 20 ]
[ 64, 19, 67, 42, 24, 24 ]
[ 14, 69, 54, 28, 57, 6 ]
[ 64, 63, 36, 29, 66, 15 ]
[ 69, 59, 26, 55, 64, 15 ]
[ [ 69, 51, 54, 25, 3 ],
  [ 46, 59, 34, 64, 6 ],
  [ 16, 58, 9, 55, 9 ],
  [ 25, 26, 62, 12, 45 ],
  [ 40, 34, 52, 48, 58 ],
  [ 3, 19, 1, 60, 27 ],
  [ 5, 16, 29, 6, 26 ],
  [ 4, 50, 27, 61, 28 ],
  [ 12, 1, 48, 69, 14 ],
  [ 48, 54, 19, 56, 36 ] ]

[Done] exited with code=0 in 0.171 seconds

[Running] node "c:\Users\XonS\Desktop\lotto.js"
[ 50, 24, 3, 61, 60, 26 ]
[ 34, 32, 58, 43, 49, 15 ]
[ 15, 22, 37, 17, 69, 22 ]
[ 45, 55, 30, 36, 33, 26 ]
[ 42, 38, 2, 12, 15, 25 ]
[ 58, 31, 17, 1, 11, 25 ]
[ 36, 49, 13, 63, 31, 11 ]
[ 28, 19, 16, 59, 3, 25 ]
[ 59, 33, 24, 39, 53, 26 ]
[ 41, 6, 54, 25, 18, 16 ]
[ [ 3, 25, 65, 11, 33 ],
  [ 7, 64, 20, 67, 44 ],
  [ 54, 18, 7, 58, 32 ],
  [ 68, 22, 6, 49, 66 ],
  [ 11, 27, 11, 1, 22 ],
  [ 41, 25, 24, 59, 14 ],
  [ 32, 68, 3, 32, 61 ],
  [ 15, 9, 1, 65, 23 ],
  [ 11, 26, 37, 16, 14 ],
  [ 54, 13, 9, 48, 69 ] ]

[Done] exited with code=0 in 0.162 seconds

wed
[Running] node "c:\Users\XonS\Desktop\lotto.js"
[ 17, 49, 23, 61, 27, 18 ]
[ 35, 69, 22, 7, 4, 19 ]
[ 30, 60, 41, 61, 4, 8 ]
[ 67, 34, 29, 26, 59, 8 ]
[ 12, 29, 67, 22, 4, 11 ]
[ 32, 36, 22, 4, 65, 8 ]
[ 47, 31, 10, 23, 14, 16 ]
[ 6, 68, 64, 32, 43, 2 ]
[ 32, 33, 22, 68, 19, 18 ]
[ 53, 48, 67, 43, 27, 16 ]
[ [ 51, 27, 8, 53, 7 ],
  [ 11, 23, 5, 42, 47 ],
  [ 40, 69, 33, 43, 1 ],
  [ 65, 37, 52, 29, 34 ],
  [ 32, 53, 6, 34, 36 ],
  [ 67, 69, 20, 1, 66 ],
  [ 24, 48, 40, 25, 7 ],
  [ 14, 23, 62, 66, 58 ],
  [ 33, 4, 45, 43, 33 ],
  [ 65, 47, 20, 66, 29 ] ]

[Done] exited with code=0 in 0.22 seconds

[Running] node "c:\Users\XonS\Desktop\lotto.js"
[ 57, 52, 35, 20, 21, 4 ]
[ 65, 55, 5, 22, 24, 1 ]
[ 31, 48, 26, 14, 51, 7 ]
[ 10, 59, 55, 19, 4, 23 ]
[ 61, 29, 43, 57, 60, 5 ]
[ 69, 37, 20, 43, 59, 9 ]
[ 63, 64, 20, 66, 14, 6 ]
[ 61, 44, 14, 68, 6, 16 ]
[ 34, 55, 41, 13, 61, 21 ]
[ 51, 25, 27, 46, 60, 6 ]
[ [ 33, 45, 14, 30, 53 ],
  [ 51, 45, 40, 30, 64 ],
  [ 37, 53, 49, 16, 60 ],
  [ 12, 44, 40, 1, 22 ],
  [ 53, 54, 60, 6, 36 ],
  [ 46, 64, 46, 30, 31 ],
  [ 59, 19, 27, 24, 16 ],
  [ 63, 58, 9, 2, 60 ],
  [ 25, 27, 2, 12, 18 ],
  [ 11, 7, 4, 28, 61 ] ]

[Done] exited with code=0 in 0.192 seconds

[Running] node "c:\Users\XonS\Desktop\lotto.js"
[ 6, 49, 57, 32, 53, 12 ]
[ 14, 23, 54, 39, 16, 1 ]
[ 53, 5, 19, 28, 63, 3 ]
[ 50, 28, 25, 29, 22, 6 ]
[ 18, 33, 49, 20, 69, 12 ]
[ 8, 30, 39, 4, 46, 9 ]
[ 62, 58, 54, 41, 42, 20 ]
[ 12, 65, 8, 38, 4, 20 ]
[ 3, 4, 65, 25, 60, 11 ]
[ 60, 64, 58, 53, 22, 8 ]
[ [ 10, 1, 32, 25, 41 ],
  [ 46, 43, 14, 23, 36 ],
  [ 66, 38, 22, 38, 66 ],
  [ 67, 8, 42, 33, 51 ],
  [ 57, 58, 44, 53, 3 ],
  [ 58, 20, 29, 64, 53 ],
  [ 19, 6, 43, 13, 66 ],
  [ 58, 59, 9, 62, 3 ],
  [ 60, 5, 56, 8, 60 ],
  [ 19, 69, 63, 52, 9 ] ]

[Done] exited with code=0 in 0.183 seconds
saturday 
[Running] node "c:\Users\XonS\Desktop\lotto.js"
[ 8, 55, 36, 13, 59, 6 ]
[ 20, 35, 24, 29, 15, 9 ]
[ 49, 39, 36, 30, 65, 24 ]
[ 44, 49, 34, 51, 46, 1 ]
[ 29, 48, 61, 12, 66, 19 ]
[ 20, 52, 43, 47, 39, 2 ]
[ 44, 66, 37, 18, 53, 20 ]
[ 59, 6, 34, 65, 68, 11 ]
[ 8, 55, 64, 35, 53, 3 ]
[ 31, 65, 69, 57, 34, 2 ]
[ [ 46, 66, 54, 3, 45 ],
  [ 44, 21, 40, 63, 7 ],
  [ 5, 52, 62, 55, 28 ],
  [ 65, 19, 27, 15, 38 ],
  [ 50, 27, 35, 26, 14 ],
  [ 57, 54, 4, 67, 63 ],
  [ 34, 19, 34, 9, 16 ],
  [ 62, 69, 65, 31, 54 ],
  [ 22, 23, 17, 30, 61 ],
  [ 37, 10, 52, 10, 48 ] ]

[Done] exited with code=0 in 0.204 seconds

[Running] node "c:\Users\XonS\Desktop\lotto.js"
[ 68, 58, 4, 24, 1, 1 ]
[ 45, 6, 33, 44, 13, 1 ]
[ 48, 67, 9, 39, 54, 19 ]
[ 17, 28, 55, 19, 36, 19 ]
[ 10, 16, 3, 26, 21, 25 ]
[ 9, 50, 58, 37, 7, 22 ]
[ 66, 20, 65, 25, 52, 21 ]
[ 19, 15, 9, 69, 37, 19 ]
[ 60, 10, 19, 13, 49, 12 ]
[ 4, 50, 10, 65, 51, 1 ]
[ [ 30, 2, 10, 17, 46 ],
  [ 6, 50, 17, 29, 21 ],
  [ 37, 49, 3, 31, 68 ],
  [ 42, 65, 51, 15, 39 ],
  [ 14, 17, 23, 17, 26 ],
  [ 24, 4, 2, 62, 26 ],
  [ 21, 53, 5, 32, 62 ],
  [ 59, 53, 66, 20, 18 ],
  [ 45, 31, 5, 45, 44 ],
  [ 47, 43, 34, 45, 59 ] ]

[Done] exited with code=0 in 0.179 seconds

[Running] node "c:\Users\XonS\Desktop\lotto.js"
[ 28, 11, 44, 17, 15, 6 ]
[ 8, 17, 7, 68, 9, 12 ]
[ 30, 26, 33, 18, 15, 23 ]
[ 3, 45, 37, 2, 6, 2 ]
[ 54, 21, 5, 22, 26, 16 ]
[ 68, 40, 12, 51, 15, 10 ]
[ 45, 33, 69, 61, 26, 2 ]
[ 20, 23, 35, 62, 16, 17 ]
[ 1, 49, 45, 18, 62, 6 ]
[ 45, 63, 52, 22, 62, 11 ]
[ [ 68, 3, 54, 53, 14 ],
  [ 25, 36, 62, 3, 19 ],
  [ 52, 36, 42, 45, 31 ],
  [ 46, 44, 68, 26, 65 ],
  [ 49, 17, 22, 55, 67 ],
  [ 23, 52, 45, 11, 29 ],
  [ 36, 56, 31, 67, 54 ],
  [ 40, 57, 40, 60, 54 ],
  [ 65, 59, 47, 63, 52 ],
  [ 21, 21, 2, 22, 34 ] ]

[Done] exited with code=0 in 0.176 seconds

[Running] node "c:\Users\XonS\Desktop\lotto.js"
[ 43, 18, 3, 49, 48, 26 ]
[ 68, 34, 9, 25, 8, 16 ]
[ 52, 47, 4, 58, 65, 14 ]
[ 60, 19, 2, 21, 17, 20 ]
[ 28, 49, 59, 44, 27, 15 ]
[ 50, 1, 15, 22, 45, 7 ]
[ 59, 14, 30, 16, 4, 17 ]
[ 56, 34, 12, 14, 58, 20 ]
[ 16, 39, 31, 60, 20, 12 ]
[ 29, 55, 48, 19, 63, 12 ]
[ [ 29, 6, 58, 22, 25 ],
  [ 58, 46, 6, 40, 57 ],
  [ 69, 48, 37, 53, 69 ],
  [ 32, 34, 55, 60, 7 ],
  [ 19, 31, 1, 37, 9 ],
  [ 17, 63, 32, 14, 62 ],
  [ 3, 12, 25, 29, 16 ],
  [ 56, 23, 2, 46, 51 ],
  [ 18, 33, 31, 22, 60 ],
  [ 23, 47, 65, 49, 63 ] ]

[Done] exited with code=0 in 0.183 seconds

[Running] node "c:\Users\XonS\Desktop\lotto.js"
[ 33, 8, 30, 35, 56, 14 ]
[ 30, 43, 54, 50, 39, 19 ]
[ 24, 52, 67, 21, 40, 12 ]
[ 32, 30, 33, 67, 7, 11 ]
[ 53, 49, 26, 15, 16, 13 ]
[ 17, 57, 4, 23, 7, 23 ]
[ 40, 47, 13, 57, 38, 1 ]
[ 35, 62, 15, 14, 12, 12 ]
[ 16, 9, 47, 35, 34, 22 ]
[ 11, 49, 50, 28, 24, 16 ]
[ [ 49, 24, 28, 3, 9 ],
  [ 10, 56, 7, 47, 33 ],
  [ 1, 11, 20, 25, 12 ],
  [ 59, 48, 10, 43, 49 ],
  [ 25, 50, 55, 64, 32 ],
  [ 50, 41, 38, 31, 49 ],
  [ 5, 67, 4, 39, 42 ],
  [ 28, 57, 9, 54, 6 ],
  [ 5, 58, 62, 49, 43 ],
  [ 49, 68, 4, 67, 35 ] ]

[Done] exited with code=0 in 0.165 seconds

[Running] node "c:\Users\XonS\Desktop\lotto.js"
[ 29, 20, 38, 1, 18, 9 ]
[ 69, 46, 67, 16, 34, 25 ]
[ 42, 2, 26, 58, 53, 25 ]
[ 22, 64, 13, 46, 38, 15 ]
[ 66, 31, 41, 67, 21, 2 ]
[ 44, 13, 6, 31, 26, 24 ]
[ 24, 52, 65, 69, 61, 18 ]
[ 49, 22, 41, 38, 23, 24 ]
[ 67, 5, 46, 62, 48, 8 ]
[ 47, 56, 34, 39, 9, 23 ]
[ [ 11, 34, 6, 40, 66 ],
  [ 63, 18, 32, 22, 18 ],
  [ 55, 41, 63, 9, 63 ],
  [ 8, 40, 37, 24, 60 ],
  [ 39, 39, 67, 52, 44 ],
  [ 55, 31, 60, 27, 69 ],
  [ 14, 68, 47, 66, 41 ],
  [ 56, 65, 39, 18, 25 ],
  [ 64, 6, 55, 3, 64 ],
  [ 65, 22, 12, 56, 66 ] ]

[Done] exited with code=0 in 0.152 seconds
sunday

[Running] node "c:\Users\XonS\Desktop\lotto.js"
[ 62, 5, 66, 47, 16, 11 ]
[ 21, 30, 53, 59, 48, 18 ]
[ 11, 67, 16, 28, 45, 9 ]
[ 56, 58, 27, 46, 60, 20 ]
[ 61, 33, 5, 53, 40, 13 ]
[ 2, 55, 11, 44, 34, 13 ]
[ 61, 20, 21, 38, 35, 15 ]
[ 60, 44, 57, 52, 26, 18 ]
[ 8, 32, 6, 59, 55, 12 ]
[ 46, 4, 55, 11, 61, 21 ]
[ [ 4, 48, 45, 4, 3 ],
  [ 39, 64, 55, 48, 35 ],
  [ 13, 9, 43, 57, 65 ],
  [ 37, 44, 10, 54, 39 ],
  [ 26, 59, 26, 11, 60 ],
  [ 36, 27, 64, 46, 40 ],
  [ 58, 28, 65, 41, 51 ],
  [ 9, 32, 4, 61, 59 ],
  [ 40, 26, 65, 60, 41 ],
  [ 46, 64, 41, 28, 46 ] ]

[Done] exited with code=0 in 0.311 seconds

[Running] node "c:\Users\XonS\Desktop\lotto.js"
[ 4, 59, 60, 35, 27, 1 ]
[ 53, 65, 51, 64, 57, 11 ]
[ 58, 8, 26, 18, 28, 14 ]
[ 66, 64, 19, 17, 23, 11 ]
[ 27, 49, 22, 43, 19, 4 ]
[ 58, 15, 54, 7, 62, 2 ]
[ 5, 58, 40, 60, 52, 13 ]
[ 49, 61, 9, 16, 66, 21 ]
[ 27, 1, 53, 64, 62, 15 ]
[ 3, 26, 4, 22, 58, 16 ]
[ [ 47, 45, 25, 40, 23 ],
  [ 17, 39, 25, 5, 18 ],
  [ 33, 66, 58, 44, 50 ],
  [ 9, 58, 6, 44, 45 ],
  [ 44, 19, 58, 3, 32 ],
  [ 9, 38, 13, 33, 4 ],
  [ 56, 5, 69, 29, 44 ],
  [ 29, 4, 4, 22, 64 ],
  [ 26, 54, 44, 45, 56 ],
  [ 41, 52, 27, 69, 65 ] ]

[Done] exited with code=0 in 0.177 seconds

[Running] node "c:\Users\XonS\Desktop\lotto.js"
[ 44, 17, 12, 15, 68, 1 ]
[ 42, 56, 29, 22, 62, 7 ]
[ 34, 57, 26, 70, 3, 19 ]
[ 2, 37, 26, 66, 68, 21 ]
[ 6, 11, 33, 52, 66, 24 ]
[ 56, 27, 32, 39, 2, 4 ]
[ 21, 25, 43, 28, 64, 9 ]
[ 17, 14, 43, 23, 69, 14 ]
[ 45, 68, 25, 7, 3, 13 ]
[ 69, 57, 28, 30, 46, 25 ]
[ [ 58, 33, 31, 69, 44 ],
  [ 61, 59, 50, 42, 49 ],
  [ 43, 45, 45, 4, 13 ],
  [ 47, 52, 4, 13, 32 ],
  [ 4, 29, 4, 70, 15 ],
  [ 11, 27, 41, 59, 8 ],
  [ 13, 28, 30, 65, 5 ],
  [ 54, 15, 39, 57, 2 ],
  [ 12, 43, 59, 46, 54 ],
  [ 38, 4, 27, 4, 62 ] ]

[Done] exited with code=0 in 0.176 seconds

[Running] node "c:\Users\XonS\Desktop\lotto.js"
[ 22, 1, 16, 31, 28, 3 ]
[ 16, 64, 14, 59, 1, 19 ]
[ 49, 32, 47, 40, 53, 11 ]
[ 14, 62, 7, 42, 60, 11 ]
[ 47, 45, 19, 40, 43, 24 ]
[ 65, 22, 45, 21, 62, 16 ]
[ 26, 28, 21, 36, 10, 2 ]
[ 20, 17, 16, 58, 28, 5 ]
[ 10, 41, 36, 40, 24, 4 ]
[ 38, 62, 51, 56, 33, 24 ]
[ [ 54, 49, 28, 57, 59 ],
  [ 3, 14, 31, 3, 55 ],
  [ 38, 56, 32, 13, 19 ],
  [ 65, 63, 24, 14, 63 ],
  [ 56, 27, 55, 62, 25 ],
  [ 10, 7, 33, 52, 34 ],
  [ 15, 40, 60, 48, 16 ],
  [ 57, 51, 67, 28, 45 ],
  [ 34, 31, 7, 29, 44 ],
  [ 2, 25, 26, 65, 26 ] ]

[Done] exited with code=0 in 0.187 seconds

[Running] node "c:\Users\XonS\Desktop\lotto.js"
[ 4, 52, 64, 65, 58, 25 ]
[ 15, 54, 66, 17, 21, 4 ]
[ 23, 11, 1, 44, 32, 14 ]
[ 59, 64, 56, 30, 45, 15 ]
[ 20, 65, 42, 31, 66, 18 ]
[ 28, 24, 52, 13, 49, 13 ]
[ 44, 19, 8, 10, 15, 22 ]
[ 13, 14, 46, 40, 63, 15 ]
[ 46, 65, 7, 21, 63, 14 ]
[ 53, 16, 62, 37, 61, 2 ]
[ [ 34, 46, 70, 3, 62 ],
  [ 37, 49, 15, 23, 40 ],
  [ 31, 65, 61, 48, 15 ],
  [ 36, 38, 8, 53, 6 ],
  [ 69, 42, 60, 62, 57 ],
  [ 38, 30, 12, 32, 62 ],
  [ 43, 32, 36, 44, 49 ],
  [ 16, 42, 24, 16, 59 ],
  [ 66, 20, 36, 55, 12 ],
  [ 53, 37, 4, 37, 23 ] ]

[Done] exited with code=0 in 0.182 seconds

[Running] node "c:\Users\XonS\Desktop\lotto.js"
[ 49, 29, 15, 57, 12, 2 ]
[ 26, 31, 10, 36, 61, 16 ]
[ 3, 57, 70, 40, 50, 24 ]
[ 53, 60, 49, 21, 8, 10 ]
[ 38, 12, 8, 42, 1, 18 ]
[ 50, 36, 51, 38, 22, 3 ]
[ 12, 68, 8, 20, 51, 7 ]
[ 24, 43, 39, 7, 50, 19 ]
[ 52, 36, 9, 59, 40, 2 ]
[ 53, 27, 13, 39, 44, 10 ]
[ [ 66, 19, 3, 3, 43 ],
  [ 54, 66, 67, 15, 15 ],
  [ 23, 68, 18, 60, 26 ],
  [ 44, 18, 61, 70, 3 ],
  [ 55, 39, 32, 52, 62 ],
  [ 63, 37, 53, 68, 44 ],
  [ 26, 13, 68, 56, 20 ],
  [ 24, 40, 27, 69, 12 ],
  [ 51, 12, 70, 8, 17 ],
  [ 40, 53, 4, 12, 26 ] ]

[Done] exited with code=0 in 0.178 seconds

[Running] node "c:\Users\XonS\Desktop\lotto.js"
[ 40, 52, 63, 18, 67, 14 ]
[ 64, 53, 62, 9, 52, 4 ]
[ 6, 66, 31, 65, 70, 18 ]
[ 16, 59, 6, 19, 9, 10 ]
[ 45, 69, 3, 22, 13, 9 ]
[ 4, 35, 48, 6, 22, 11 ]
[ 37, 46, 35, 51, 45, 9 ]
[ 22, 49, 54, 25, 2, 6 ]
[ 5, 50, 59, 44, 12, 24 ]
[ 48, 52, 69, 27, 10, 19 ]
[ [ 9, 5, 67, 29, 63 ],
  [ 17, 61, 58, 54, 14 ],
  [ 31, 51, 26, 12, 13 ],
  [ 53, 27, 5, 52, 61 ],
  [ 60, 63, 4, 35, 8 ],
  [ 48, 44, 19, 5, 4 ],
  [ 18, 49, 24, 58, 8 ],
  [ 57, 4, 69, 63, 13 ],
  [ 16, 10, 21, 10, 52 ],
  [ 35, 25, 55, 14, 32 ] ]

[Done] exited with code=0 in 0.174 seconds

mondya
[Running] node "c:\Users\XonS\Desktop\lot\lotto.js"
[ 59, 21, 66, 69, 20, 3 ]
[ 3, 23, 59, 69, 61, 15 ]
[ 3, 59, 65, 31, 53, 14 ]
[ 31, 26, 32, 2, 16, 19 ]
[ 27, 57, 58, 55, 48, 15 ]
[ 64, 43, 23, 51, 6, 5 ]
[ 10, 62, 38, 50, 69, 1 ]
[ 7, 19, 56, 9, 29, 3 ]
[ 44, 49, 51, 67, 50, 25 ]
[ 27, 13, 55, 23, 18, 10 ]

[Done] exited with code=0 in 0.181 seconds

[Running] node "c:\Users\XonS\Desktop\lot\lotto.js"
[ 62, 29, 31, 41, 20, 19 ]
[ 30, 16, 40, 12, 38, 25 ]
[ 42, 29, 13, 3, 60, 3 ]
[ 33, 64, 14, 26, 66, 24 ]
[ 47, 15, 56, 40, 4, 21 ]
[ 53, 16, 30, 49, 65, 3 ]
[ 61, 29, 17, 67, 59, 16 ]
[ 57, 41, 51, 32, 11, 2 ]
[ 17, 30, 36, 13, 59, 15 ]
[ 14, 44, 38, 42, 28, 14 ]

[Done] exited with code=0 in 0.18 seconds

[Running] node "c:\Users\XonS\Desktop\lot\lotto.js"
[ 11, 67, 64, 52, 23, 23 ]
[ 60, 47, 44, 4, 69, 16 ]
[ 29, 19, 26, 32, 28, 18 ]
[ 3, 40, 36, 38, 59, 21 ]
[ 60, 21, 13, 35, 55, 7 ]
[ 40, 31, 45, 11, 30, 20 ]
[ 60, 12, 2, 30, 66, 25 ]
[ 60, 52, 38, 4, 20, 6 ]
[ 68, 46, 47, 64, 62, 16 ]
[ 31, 39, 42, 24, 8, 23 ]

[Done] exited with code=0 in 0.173 seconds
