3 5 23 38 62 22
4 7 38 39 47 14
14 17 34 32 67 22
8 14 31 39 41 20
4 11 39 44 56 1

2 13 24 51 66 11
11 23 38 46 60 9
4 17 31 64 67 14
14 31 33 47 64 11
1 29 32 47 55 9

[Running] node "c:\Users\XonS\Desktop\testing\scraper.js"
0 ball ::0
1 ball ::4
2 ball ::1
3 ball ::1
4 ball ::3
5 ball ::0
6 ball ::1
7 ball ::1
8 ball ::1
9 ball ::3
10 ball ::2
11 ball ::3
12 ball ::0
13 ball ::3
14 ball ::4
15 ball ::0
16 ball ::1
17 ball ::3
18 ball ::1
19 ball ::1
20 ball ::3
21 ball ::2
22 ball ::4
23 ball ::5
24 ball ::2
25 ball ::2
26 ball ::0
[ [ 50, 69 ],
  [ 20, 22, 36, 37, 54, 57, 63 ],
  [ 9, 27, 35, 40, 45, 56, 61, 62 ],
  [ 6, 10, 12, 15, 19, 21, 24, 25, 26, 30, 34, 41, 52, 55, 65, 68 ],
  [ 3, 7, 8, 16, 18, 23, 28, 32, 39, 42, 44, 47, 51, 60, 67 ],
  [ 4, 5, 13, 31, 33, 43, 46, 48, 53, 58, 59, 64, 66, 70 ],
  [ 1, 2, 29, 38, 49 ],
  [ 14 ],
  [ 11 ],
  [ 17 ],
  [] ]
[ 1, 49, 35, 8, 13, 15 ]
[ 14, 5, 9, 64, 58, 18 ]
[ 29, 66, 67, 47, 70, 1 ]
[ 1, 46, 44, 43, 27, 21 ]
[ 2, 11, 65, 53, 28, 21 ]
[ 29, 49, 6, 55, 55, 4 ]
[ 17, 38, 32, 7, 25, 1 ]
[ 38, 49, 3, 42, 65, 13 ]
[ 17, 17, 61, 45, 58, 14 ]
[ 29, 49, 42, 65, 23, 6 ]
[ 1, 59, 45, 61, 68, 19 ]
[ 38, 14, 35, 40, 28, 20 ]
[ 14, 11, 39, 53, 61, 18 ]
[ 17, 53, 23, 8, 46, 7 ]
[ 1, 29, 60, 68, 15, 4 ]
[ 1, 1, 65, 18, 30, 26 ]
[ 17, 33, 62, 4, 35, 11 ]
[ 17, 48, 51, 66, 25, 4 ]
[ 2, 70, 18, 12, 66, 20 ]
[ 2, 14, 46, 8, 46, 20 ]

[Done] exited with code=0 in 1.755 seconds
[Running] node "c:\Users\XonS\Desktop\testing\scraper.js"
0 ball ::0
1 ball ::4
2 ball ::1
3 ball ::1
4 ball ::3
5 ball ::0
6 ball ::1
7 ball ::1
8 ball ::1
9 ball ::3
10 ball ::2
11 ball ::3
12 ball ::0
13 ball ::3
14 ball ::4
15 ball ::0
16 ball ::2
17 ball ::3
18 ball ::1
19 ball ::1
20 ball ::3
21 ball ::2
22 ball ::4
23 ball ::4
24 ball ::2
25 ball ::2
26 ball ::0
[ [ 69 ],
  [ 20, 22, 36, 37, 50, 54, 57, 63 ],
  [ 9, 27, 35, 40, 45, 61, 62, 65 ],
  [ 6, 12, 15, 16, 19, 21, 24, 25, 26, 30, 34, 41, 52, 55, 56, 67, 68 ],
  [ 3, 7, 8, 10, 18, 23, 28, 31, 32, 39, 42, 44, 47, 51, 60 ],
  [ 4, 5, 13, 29, 33, 43, 48, 53, 58, 59, 64, 66, 70 ],
  [ 1, 38, 46, 49 ],
  [ 2, 14 ],
  [ 11 ],
  [ 17 ],
  [] ]
[ 1, 58, 4, 27, 32, 26 ]
[ 14, 59, 39, 9, 8, 3 ]
[ 2, 11, 35, 28, 8, 16 ]
[ 14, 58, 64, 41, 10, 19 ]
[ 2, 33, 34, 7, 41, 24 ]
[ 17, 31, 68, 47, 24, 21 ]
[ 1, 2, 32, 45, 67, 18 ]
[ 29, 2, 24, 55, 58, 5 ]
[ 2, 33, 30, 47, 44, 4 ]
[ 2, 1, 30, 39, 40, 8 ]
[ 29, 11, 12, 60, 24, 4 ]
[ 11, 70, 32, 19, 44, 7 ]
[ 1, 4, 41, 52, 40, 25 ]
[ 29, 31, 10, 19, 19, 22 ]
[ 38, 2, 59, 56, 70, 1 ]
[ 14, 53, 70, 32, 61, 21 ]
[ 29, 66, 33, 31, 39, 24 ]
[ 29, 31, 9, 62, 27, 26 ]
[ 2, 2, 40, 27, 6, 20 ]
[ 38, 31, 51, 26, 39, 7 ]

