4 11 29 57 64 20
14 23 38 42 64 1
11 13 31 42 58 22
2 11 29 46 55 4
7 14 19 42 58 22
1 23 48 52 64 9
11 18 29 51 58 17
6 17 25 48 55 9 
5 14 38 43 60 22
4 11 29 43 64 1
14 38 43 53 64 9
11 31 39 42 67 9
15 32 39 42 60 4
1 21 27 32 64 4
5 11 40 51 62 9

4 11 23 29 55 21
4 11 23 51 63 24
7 13 35 53 58 25
11 21 29 52 58 12

5 22 29 52 55 12
7 13 25 51 59 12
11 32 28 46 64 22
8 11 28 46 52 22
2 13 28 51 64 12


[ 69 ],
  [ 20, 27, 36, 37, 50, 54, 57, 63 ],
  [ 3, 6, 9, 16, 22, 23, 35, 45, 55, 65 ],
  [ 10, 12, 15, 18, 19, 24, 25, 26, 30, 31, 34, 40, 52, 60, 61, 62 ],
  [ 7, 8, 21, 29, 32, 33, 41, 42, 43, 47, 51, 56, 67, 68 ],
  [ 4, 5, 13, 28, 38, 39, 44, 46, 48, 49, 53, 58, 59, 64, 66 ],
  [ 2, 70 ],
  [ 11 ],
  [ 1, 14, 17 ],
  [],

 
      

